200 0.002
4.87402511939 4.21698133069 16.839828628 0 0 0 1 0.51 10
3.52994024453 5.72308522167 14.2390685907 0 0 0 1 0.51 10
6.36771552198 6.86083125529 9.87445697065 0 0 0 1 0.51 10
3.46220906006 3.52318341216 7.61545906985 0 0 0 1 0.51 10
5.64115468739 5.20365075533 7.20102863386 0 0 0 1 0.51 10
5.5013069645 5.64427518081 13.9720882501 0 0 0 1 0.51 10
5.46181848627 4.12171080146 5.14552122626 0 0 0 1 0.51 10
4.38517478924 6.09115849568 6.08450067255 0 0 0 1 0.51 10
4.57293962955 5.85657067448 9.70860462027 0 0 0 1 0.51 10
5.71976147476 6.09821619885 18.3789459796 0 0 0 1 0.51 10
6.75991191307 4.35036659536 4.86457477887 0 0 0 1 0.51 10
4.68226318452 5.47999784076 3.86308168552 0 0 0 1 0.51 10
5.29410991876 5.81106202279 3.07264046083 0 0 0 1 0.51 10
4.87093741859 4.29500137139 10.9209484757 0 0 0 1 0.51 10
5.14172718602 4.3182299701 13.0358781673 0 0 0 1 0.51 10
4.05807138364 5.35521063343 8.45694798654 0 0 0 1 0.51 10
4.98156127288 6.19826806023 11.3728480607 0 0 0 1 0.51 10
6.63925339925 4.36233500037 9.1026045926 0 0 0 1 0.51 10
4.23959638699 3.56598100701 3.35729129492 0 0 0 1 0.51 10
6.58557557044 4.97778550072 16.1998212502 0 0 0 1 0.51 10
4.88508641304 5.25959157562 2.27672047535 0 0 0 1 0.51 10
6.74523988078 6.41342310486 1.07268816711 0 0 0 1 0.51 10
4.18419159604 5.08812738118 12.8874153389 0 0 0 1 0.51 10
4.68086318115 4.04056255622 2.28662892924 0 0 0 1 0.51 10
4.99516497721 5.7114022045 16.018641805 0 0 0 1 0.51 10
4.82514257131 5.97396831721 17.1614755271 0 0 0 1 0.51 10
5.86854953903 4.12930337798 9.77846252372 0 0 0 1 0.51 10
4.17204278124 5.53116725742 18.367200575 0 0 0 1 0.51 10
3.47256298699 6.92133217899 3.94234234421 0 0 0 1 0.51 10
4.06441212281 5.72412070772 5.1499548902 0 0 0 1 0.51 10
4.21051894608 5.90738159109 7.52477593179 0 0 0 1 0.51 10
6.133629998 4.41427670814 18.9365497927 0 0 0 1 0.51 10
4.32558923824 5.94826700723 0.48624526598 0 0 0 1 0.51 10
4.50564841408 5.33710233275 14.2319817185 0 0 0 1 0.51 10
5.19526900352 5.14010607501 8.29131680128 0 0 0 1 0.51 10
5.2646219248 4.35918573257 4.02375037334 0 0 0 1 0.51 10
3.50550836131 5.41400870914 2.53730467088 0 0 0 1 0.51 10
5.77660157484 5.90954691382 4.64932917854 0 0 0 1 0.51 10
4.1647475344 4.01537065208 6.07571010687 0 0 0 1 0.51 10
4.7383072473 4.02644802488 18.5764396703 0 0 0 1 0.51 10
6.26215777253 4.74253744841 3.14450727836 0 0 0 1 0.51 10
3.98713903765 5.83319671417 15.5134180082 0 0 0 1 0.51 10
3.5286773551 3.82193665346 1.18081538453 0 0 0 1 0.51 10
6.0228162672 3.6900464333 6.99849683529 0 0 0 1 0.51 10
4.81152462204 3.08443397964 6.15394771782 0 0 0 1 0.51 10
4.79284707976 6.78417689562 6.78474700026 0 0 0 1 0.51 10
4.76361395863 4.91550374919 0.769440674799 0 0 0 1 0.51 10
6.40066162969 3.90837815779 13.8505331413 0 0 0 1 0.51 10
5.63948807012 6.53397418182 2.21183204067 0 0 0 1 0.51 10
3.94640793905 3.50884999896 11.1557946985 0 0 0 1 0.51 10
5.74658084151 6.80384977563 14.5898067875 0 0 0 1 0.51 10
3.84774924311 6.6955554658 2.18264356472 0 0 0 1 0.51 10
5.9006875277 4.53039412951 1.3101903594 0 0 0 1 0.51 10
4.37567650624 6.58598792456 13.5700180406 0 0 0 1 0.51 10
3.71590248448 4.57726877796 7.64113180945 0 0 0 1 0.51 10
3.20451867248 4.56178839838 0.449672131964 0 0 0 1 0.51 10
5.67346076685 3.13909578797 9.43507146918 0 0 0 1 0.51 10
5.24006197811 4.36692809345 14.6196072674 0 0 0 1 0.51 10
6.16743184957 3.3374664969 19.5441534373 0 0 0 1 0.51 10
4.50157288133 3.40439672486 12.4182247296 0 0 0 1 0.51 10
6.54638209757 4.39989586641 7.60263056181 0 0 0 1 0.51 10
4.08506963082 4.41383512092 13.9541766522 0 0 0 1 0.51 10
3.95714098078 6.58255699407 12.3410770208 0 0 0 1 0.51 10
6.3674183049 5.51814657236 11.8729765031 0 0 0 1 0.51 10
5.95342540832 6.33243624823 10.7509401471 0 0 0 1 0.51 10
3.68263495559 3.57772916905 9.35784629645 0 0 0 1 0.51 10
3.3589787953 3.41783269364 14.4429997891 0 0 0 1 0.51 10
4.48263655084 3.6881503307 15.6790965941 0 0 0 1 0.51 10
3.68664234832 5.73205314156 17.1589007058 0 0 0 1 0.51 10
3.40529480737 5.19091583657 12.1103626674 0 0 0 1 0.51 10
4.73682657911 4.03029562034 0.255543449483 0 0 0 1 0.51 10
4.27985089133 3.51448592314 17.7219121658 0 0 0 1 0.51 10
3.83186202267 5.92941362932 10.9655450641 0 0 0 1 0.51 10
3.25744533378 5.13851705095 4.43725579525 0 0 0 1 0.51 10
5.9959354532 5.16181412878 10.9907382206 0 0 0 1 0.51 10
5.95375365056 6.07953308451 6.22123643461 0 0 0 1 0.51 10
4.31720520253 4.95823170133 6.43539304761 0 0 0 1 0.51 10
4.32414080061 3.34494329142 13.7002743739 0 0 0 1 0.51 10
6.618760385 3.5619142911 16.8084816032 0 0 0 1 0.51 10
4.28585050418 3.9629615964 4.74408026164 0 0 0 1 0.51 10
6.6130906082 5.24946175894 5.99073518944 0 0 0 1 0.51 10
3.46952286304 6.31334884077 8.54190511476 0 0 0 1 0.51 10
6.04823168783 5.94915089771 8.76980932216 0 0 0 1 0.51 10
6.13397689793 4.38785744791 12.0291418725 0 0 0 1 0.51 10
5.91621622225 5.494850391 0.848706352337 0 0 0 1 0.51 10
5.80818520076 4.57813186347 6.14077881478 0 0 0 1 0.51 10
4.96817737393 5.98442673953 12.4436895637 0 0 0 1 0.51 10
3.9327670403 4.37083969044 11.7739309482 0 0 0 1 0.51 10
3.24400180332 5.28865852319 10.2978003705 0 0 0 1 0.51 10
3.32092732164 4.53348150657 16.40101719 0 0 0 1 0.51 10
4.79387993767 3.5686721283 7.73204018738 0 0 0 1 0.51 10
5.76043388988 5.91610999559 9.81136310364 0 0 0 1 0.51 10
3.22805102918 3.49216620438 15.8667460552 0 0 0 1 0.51 10
4.11041885049 5.27725869609 19.6873661835 0 0 0 1 0.51 10
6.48359728 3.72027177915 15.3327317674 0 0 0 1 0.51 10
3.40473920963 4.26080811103 3.3025467794 0 0 0 1 0.51 10
6.33558445171 3.69357608725 3.44950805219 0 0 0 1 0.51 10
4.90191170769 4.32494208662 9.32693830929 0 0 0 1 0.51 10
5.08406073741 5.9271317252 14.8871365576 0 0 0 1 0.51 10
3.80701661465 4.85598723891 14.8686035456 0 0 0 1 0.51 10
4.87599614572 6.44633816931 8.84490367792 0 0 0 1 0.51 10
5.89728835592 6.30931932609 13.0440796875 0 0 0 1 0.51 10
5.85770248434 3.26551194839 8.42206764605 0 0 0 1 0.51 10
6.43825569481 4.77685322265 13.268395865 0 0 0 1 0.51 10
3.11409952318 5.33741402328 6.54887557915 0 0 0 1 0.51 10
6.29901562502 6.41701566207 16.1085595495 0 0 0 1 0.51 10
5.18489909172 6.42226805311 19.2659089381 0 0 0 1 0.51 10
5.06793192288 4.31942001229 19.6575563432 0 0 0 1 0.51 10
6.28164839289 6.6404620485 3.89729725006 0 0 0 1 0.51 10
5.80470556952 4.00974002408 2.43968618166 0 0 0 1 0.51 10
5.48178255344 3.77749860137 15.9606716721 0 0 0 1 0.51 10
6.57125045146 5.64344954253 7.33778214016 0 0 0 1 0.51 10
3.58131707798 4.22487715954 2.20022304311 0 0 0 1 0.51 10
6.3617360078 5.08893709728 18.0172580699 0 0 0 1 0.51 10
6.79005748337 4.0903113665 6.20982290781 0 0 0 1 0.51 10
5.12206702662 6.42298555093 7.72325404001 0 0 0 1 0.51 10
6.42645030931 5.78852857903 3.3347374529 0 0 0 1 0.51 10
3.88697848931 6.82762835148 1.00112673844 0 0 0 1 0.51 10
6.39453045847 5.98651678428 19.1992187507 0 0 0 1 0.51 10
6.10421194233 5.39349633942 15.3110735468 0 0 0 1 0.51 10
5.22475685258 5.789057385 5.56643177375 0 0 0 1 0.51 10
6.86716651028 6.64310642325 15.1738966672 0 0 0 1 0.51 10
4.63635667329 6.32779471629 4.52922268596 0 0 0 1 0.51 10
4.48168588515 3.23389104301 1.58754875007 0 0 0 1 0.51 10
3.79422277441 3.64715643538 19.2491653417 0 0 0 1 0.51 10
4.20017766955 6.43402176028 16.3491654757 0 0 0 1 0.51 10
6.68128533777 6.2535228681 17.2658792217 0 0 0 1 0.51 10
3.54171548813 6.15038682279 19.1674151994 0 0 0 1 0.51 10
3.98103140983 4.4255773376 10.1657946833 0 0 0 1 0.51 10
6.68309951021 3.95731248558 10.93688285 0 0 0 1 0.51 10
5.33693030269 3.19561363564 3.59495316128 0 0 0 1 0.51 10
3.45986150184 4.00163850998 18.1802281532 0 0 0 1 0.51 10
5.10677370555 4.29224789266 7.01496078993 0 0 0 1 0.51 10
6.02111267905 4.2168343949 17.4195924527 0 0 0 1 0.51 10
3.99872842754 5.25094649626 1.54754994163 0 0 0 1 0.51 10
4.77908211403 6.88842689974 18.4428477437 0 0 0 1 0.51 10
6.6383589265 6.04359549638 2.26914566773 0 0 0 1 0.51 10
5.8486598402 5.62062547098 17.2248194197 0 0 0 1 0.51 10
6.18056918638 3.95430205986 0.404797354918 0 0 0 1 0.51 10
3.30501544203 4.91118588008 9.17387114981 0 0 0 1 0.51 10
3.24044247383 3.39101146245 3.99499652601 0 0 0 1 0.51 10
3.19594386663 4.34674939752 5.71880529547 0 0 0 1 0.51 10
5.59510986813 3.36940107383 12.2566952004 0 0 0 1 0.51 10
5.7486920039 3.11698252381 17.7929650588 0 0 0 1 0.51 10
6.89769179167 5.23959113539 10.26908755 0 0 0 1 0.51 10
4.93942779122 4.80468108741 17.8158681056 0 0 0 1 0.51 10
4.98338969033 4.65562794127 15.762348515 0 0 0 1 0.51 10
3.83571711367 6.87230418782 15.1294132081 0 0 0 1 0.51 10
4.42281805227 4.67134897451 3.17993300237 0 0 0 1 0.51 10
3.38506399373 3.16219683801 6.58801954206 0 0 0 1 0.51 10
5.25953237462 4.9271347898 11.9629072612 0 0 0 1 0.51 10
3.37633776524 5.82684565006 13.1986997392 0 0 0 1 0.51 10
5.26563721596 5.1946354047 19.0444991491 0 0 0 1 0.51 10
3.21360655413 3.39206744061 12.5398858468 0 0 0 1 0.51 10
5.29248088866 6.33292947615 0.660333617344 0 0 0 1 0.51 10
4.86264265874 3.30905134093 19.630962904 0 0 0 1 0.51 10
3.69371868999 6.73631589674 7.07404534407 0 0 0 1 0.51 10
6.90627815564 5.70642283497 4.86132521372 0 0 0 1 0.51 10
6.49935390548 3.18012016985 4.57657742695 0 0 0 1 0.51 10
6.53757335336 4.9087863426 0.194667564533 0 0 0 1 0.51 10
4.65805899709 3.2250928158 9.08574376035 0 0 0 1 0.51 10
6.76890905594 3.58072597233 18.0238009405 0 0 0 1 0.51 10
4.16608015152 3.25991855474 16.6064927836 0 0 0 1 0.51 10
5.36847389767 6.82371680431 5.26367118158 0 0 0 1 0.51 10
4.32553425408 6.42584272401 3.55124336708 0 0 0 1 0.51 10
6.7875719278 3.70334350525 2.36513514663 0 0 0 1 0.51 10
6.08151127943 5.03742470355 19.7531033526 0 0 0 1 0.51 10
5.85072710166 3.12075644621 5.74455608552 0 0 0 1 0.51 10
5.3170353543 3.37821095429 0.905974708595 0 0 0 1 0.51 10
6.79254329884 4.8024892638 1.97019082571 0 0 0 1 0.51 10
3.60285549103 4.6156249031 18.9824748983 0 0 0 1 0.51 10
3.96826492089 4.56555286009 17.2059055549 0 0 0 1 0.51 10
6.56808129373 4.95586339513 14.4893354498 0 0 0 1 0.51 10
4.66270344515 6.04186751382 1.56104428027 0 0 0 1 0.51 10
4.93701808722 5.22371477345 10.4769762476 0 0 0 1 0.51 10
4.68436212806 3.57127058392 10.0963341571 0 0 0 1 0.51 10
6.53728791582 6.0320141412 13.890720505 0 0 0 1 0.51 10
5.39273503389 6.82198989707 16.549460502 0 0 0 1 0.51 10
6.50869535537 6.73998054731 7.45630201932 0 0 0 1 0.51 10
4.16244778624 4.33306722001 8.53140501467 0 0 0 1 0.51 10
4.3009911183 6.86728915891 10.2353132769 0 0 0 1 0.51 10
5.46913531588 3.42045809628 14.9752487457 0 0 0 1 0.51 10
6.8667993297 3.41997578984 7.76741220453 0 0 0 1 0.51 10
3.08826420534 6.67129511611 16.6733095382 0 0 0 1 0.51 10
5.4429520866 3.44350057948 13.5553626875 0 0 0 1 0.51 10
5.08794358579 3.30809997206 4.60992246355 0 0 0 1 0.51 10
3.31234887504 3.46764384939 5.09695414599 0 0 0 1 0.51 10
3.21947947317 6.21035427571 3.20080837619 0 0 0 1 0.51 10
3.36212023512 5.65992148427 0.683401792646 0 0 0 1 0.51 10
3.33854242957 6.30065926163 5.8449397343 0 0 0 1 0.51 10
6.21116225399 6.91344579694 11.6173518269 0 0 0 1 0.51 10
6.64855549995 3.60944421521 12.6625759467 0 0 0 1 0.51 10
6.1654980965 3.14841230338 1.74430813921 0 0 0 1 0.51 10
6.49553104418 6.86783288053 18.1841984866 0 0 0 1 0.51 10
3.14910778446 6.48687392484 10.3207732595 0 0 0 1 0.51 10
4.93969169708 5.03349430654 4.93818314589 0 0 0 1 0.51 10
6.92306796234 6.58443368096 8.94029949622 0 0 0 1 0.51 10
6.89101798273 6.11214726025 12.7071290124 0 0 0 1 0.51 10
5.05186663129 3.20587935351 11.3461208603 0 0 0 1 0.51 10
3.00701144432 6.92946246929 12.4781849129 0 0 0 1 0.51 10
