64 0.001
2 2 9 1 0 0 1 1 50
2 4 9 0 1 0 1 1 50
2 6 9 1 0 0 1 1 50
2 8 9 0 -1 0 1 1 50
4 2 9 1 0 0 1 1 50
4 4 9 0 1 0 1 1 50
4 6 9 1 0 0 1 1 50
4 8 9 0 -1 0 1 1 50
6 2 9 -1 0 0 1 1 50
6 4 9 0 1 0 1 1 50
6 6 9 -1 0 0 1 1 50
6 8 9 0 -1 0 1 1 50
8 2 9 -1 0 0 1 1 50
8 4 9 0 1 0 1 1 50
8 6 9 -1 0 0 1 1 50
8 8 9 0 -1 0 1 1 50
2 2 5 0 0 0 1 1 50
2 4 5 0 0 0 1 1 50
2 6 5 0 0 0 1 1 50
2 8 5 0 0 0 1 1 50
4 2 5 0 0 0 1 1 50
4 4 5 0 0 0 1 1 50
4 6 5 0 0 0 1 1 50
4 8 5 0 0 0 1 1 50
6 2 5 0 0 0 1 1 50
6 4 5 0 0 0 1 1 50
6 6 5 0 0 0 1 1 50
6 8 5 0 0 0 1 1 50
8 2 5 0 0 0 1 1 50
8 4 5 0 0 0 1 1 50
8 6 5 0 0 0 1 1 50
8 8 5 0 0 0 1 1 50
2 2 7 0 0 0 1 1 50
2 4 7 0 0 0 1 1 50
2 6 7 0 0 0 1 1 50
2 8 7 0 0 0 1 1 50
4 2 7 0 0 0 1 1 50
4 4 7 0 0 0 1 1 50
4 6 7 0 0 0 1 1 50
4 8 7 0 0 0 1 1 50
6 2 7 0 0 0 1 1 50
6 4 7 0 0 0 1 1 50
6 6 7 0 0 0 1 1 50
6 8 7 0 0 0 1 1 50
8 2 7 0 0 0 1 1 50
8 4 7 0 0 0 1 1 50
8 6 7 0 0 0 1 1 50
8 8 7 0 0 0 1 1 50
2 2 3 0 0 0 1 1 50
2 4 3 0 0 0 1 1 50
2 6 3 0 0 0 1 1 50
2 8 3 0 0 0 1 1 50
4 2 3 0 0 0 1 1 50
4 4 3 0 0 0 1 1 50
4 6 3 0 0 0 1 1 50
4 8 3 0 0 0 1 1 50
6 2 3 0 0 0 1 1 50
6 4 3 0 0 0 1 1 50
6 6 3 0 0 0 1 1 50
6 8 3 0 0 0 1 1 50
8 2 3 0 0 0 1 1 50
8 4 3 0 0 0 1 1 50
8 6 3 0 0 0 1 1 50
8 8 3 0 0 0 1 1 50